kg;x10^x;km;(AU,AU);(AU/day,AU/day);(R,G,B);NAME
1.99;30;696342;(0.00313,0.00450);(-0.00000350,-0.00000657);(253,184,19);SOL;
3.29;23;2439.7;(-0.0443,0.311);(-0.0334,-0.00327);(230,230,230);MERCURY;
4.87;24;6051.8;(-0.711,-0.0865);(0.00243,-0.0201);(139,125,130);VENUS;
5.97;24;6371;(-0.989,-0.105);(0.00160,-0.0171);(107,147,214);EARTH;
6.39;23;3389.5;(0.648,1.37);(-0.0121,0.00719);(193,68,14);MARS;
1.90;27;69911;(-5.21,-1.60);(0.00213,-0.00686);(216,202,157);JUPITER;
5.68;26;58232;(-1.42,-9.94);(0.00522,-0.000809);(227,224,192);SATURN;
8.68;25;25362;(18.2,8.12);(-0.00163,0.00341);(198,211,227);URANUS;
1.02;26;24622;(28.4,-9.43);(0.000968,0.00300);(115,172,172);NEPTUNE;
1.31;22;1186;(9.92,-31.8);(0.00305,0.000278);(246,221,189);PLUTO;